
> cat("=== Johansen Trace Test ===\n")
=== Johansen Trace Test ===

> cat("H0: at most r cointegrating vectors\n\n")
H0: at most r cointegrating vectors


> summary(jtest)

###################### 
# Johansen-Procedure # 
###################### 

Test type: trace statistic , without linear trend and constant in cointegration 

Eigenvalues (lambda):
 [1] 4.051588e-01 3.504899e-01 3.029603e-01 2.967748e-01 2.828105e-01 2.461192e-01 2.350398e-01 2.165880e-01
 [9] 2.107822e-01 1.822852e-01 1.525005e-01 1.396589e-01 1.244188e-01 1.193541e-01 1.101233e-01 1.022509e-01
[17] 9.555691e-02 8.093651e-02 7.179404e-02 6.755469e-02 4.657556e-02 3.436855e-02 3.020242e-02 2.405097e-02
[25] 1.355973e-02 1.374254e-15

Values of test statistic

                 [,1]
r <= 24 |    5.884227
r <= 23 |   16.376888
r <= 22 |   29.594755
r <= 21 |   44.668133
r <= 20 |   65.224723
r <= 19 |   95.370920
r <= 18 |  127.481125
r <= 17 |  163.857557
r <= 16 |  207.145430
r <= 15 |  253.635090
r <= 14 |  303.920882
r <= 13 |  358.700843
r <= 12 |  415.966675
r <= 11 |  480.800435
r <= 10 |  552.115878
r <= 9 |   638.851058
r <= 8 |   740.874365
r <= 7 |   846.079979
r <= 6 |   961.558431
r <= 5 |  1083.324967
r <= 4 |  1226.595907
r <= 3 |  1378.341565
r <= 2 |  1533.895036
r <= 1 |  1719.887410
r = 0  |  1943.775035

Eigenvectors, normalised to first column:
(These are the cointegration relations)

               ILMFG.l2     OHMFG.l2      MIMFG.l2      INMFG.l2     KYMFG.l2     ILCONS.l2    OHCONS.l2
ILMFG.l2      1.0000000   1.00000000  1.000000e+00  1.000000e+00     1.000000     1.0000000    1.0000000
OHMFG.l2      1.9621496   0.83176232 -2.470599e+00 -2.660936e-01    -1.008693    -3.7149273   -1.4305636
MIMFG.l2     -4.2342016   0.72242284 -1.632516e+00 -4.007254e-01    -2.451402   -12.3911280    0.1971126
INMFG.l2     -1.8134863  -1.83037581 -2.403459e+00 -1.614500e+00    12.068671     4.9724215    1.0314815
KYMFG.l2      0.7020527  -2.83224257 -2.597677e-01 -1.890617e+00    -1.961976     7.4787470    0.1905879
ILCONS.l2     4.5796529  -0.85685446  1.915829e+00 -5.987312e-02     8.118040     5.5061431   -0.4170099
OHCONS.l2     2.5242775  -0.15425203 -2.465871e+00  2.945704e-01     5.124636   -10.2018349    1.7852749
MICONS.l2    -3.9483562  -1.96123203  2.266906e+00  1.288701e-01    -5.468504     6.0700156    5.9716368
INCONS.l2     3.4282430   1.72060919  3.007842e+00 -7.261447e-03    -1.342240   -24.7507425    0.7203092
KYCONS.l2     8.8466130  -0.31616284  1.430539e+00  5.392843e-01    27.132459    20.7077152    3.9743717
ILRET.l2     -3.8150860   0.39478018 -6.850697e-01 -7.083252e-01   -17.876632     0.4538078    0.4727115
OHRET.l2     -3.3959389  -0.46256471  3.141215e+00 -1.394191e-01    11.420688    -2.5349658    5.8196841
MIRET.l2      6.0327557  -0.23237200  5.632363e-02 -6.669637e-01    15.247232    -9.3896733  -12.2862575
INRET.l2     -2.7770845   0.53895580 -3.837259e-01  2.065707e+00   -21.512953    10.0014158    1.4386364
KYRET.l2      2.3269425  -0.39444246  6.487873e+00  3.735713e+00   -12.576704    14.9086074   -3.1895796
ILGOVT.l2    -5.3338733   0.42907878 -1.720879e+00  1.355485e+00     9.740161    -1.8856156   -1.4784215
OHGOVT.l2    -5.5935390   1.06987852 -7.894103e+00 -3.210279e+00   -17.680982     0.5418759   -6.6499564
MIGOVT.l2     0.6788372   1.45502171  2.741023e+00 -5.046915e-01   -25.812710    26.3136628    1.0485163
INGOVT.l2    -2.0638022   1.30641054  3.887120e+00 -1.606494e+00    23.362302    14.3373630   -1.6218216
KYGOVT.l2    -9.0209524  -2.48299586  8.999789e+00 -6.269086e-01    32.320792   -18.2367128    2.1590707
ILFIRE.l2     5.5624234  -0.74257344 -1.440551e+00 -1.749399e+00    29.815185   -13.9215688    3.9423368
OHFIRE.l2     4.1196383  -0.23794199  2.782087e+00  1.531913e+00   -45.198582    19.2698630   -8.6098877
MIFIRE.l2     3.1922602  -0.88942736 -6.868129e+00  2.194035e+00    -2.629187   -11.7600399    1.6296647
INFIRE.l2     7.3156611  -0.01078239  2.555261e+00  3.007085e+00    -1.895940     5.4999423   -3.0363759
KYFIRE.l2    -2.8122726   6.94404603  7.611719e+00  4.625012e+00   -37.994694     7.3108036   -1.6922253
constant  -1856.9010669 386.31956314 -4.928497e+03 -6.485108e+02 -9210.149354 -5889.0364446 -145.6527174
             MICONS.l2    INCONS.l2    KYCONS.l2      ILRET.l2      OHRET.l2     MIRET.l2    INRET.l2     KYRET.l2
ILMFG.l2    1.00000000    1.0000000    1.0000000   1.000000000    1.00000000    1.0000000   1.0000000   1.00000000
OHMFG.l2    0.01028632   -0.4669830    0.3718649   1.734231830    2.44982671    0.4328673   3.4955601   0.66660294
MIMFG.l2   -2.47451966   -2.6116357   -2.9195412   0.420205148   -3.32401172   -1.4181293   2.8236410  -0.79862810
INMFG.l2    0.03870402    0.8049895   -2.5894071   0.033364915    0.75095076   -0.7915147   2.7462655  -0.57888140
KYMFG.l2   -0.26829769   -0.5854281    1.4275930  -0.816139887   -2.45885446   -0.1688656  -0.8867344   0.57103205
ILCONS.l2  -0.82876055    0.2393915    0.2076475  -1.178314751   -1.13096585    0.2906902  -1.5196253  -1.55407810
OHCONS.l2  -1.00646125   -1.6748346    0.3062514  -1.688557221   -0.34573645    4.5142331  -9.3233884  -1.03014130
MICONS.l2   1.92751404    0.4640578    2.1250118   0.829481174   -2.81105523    1.1164987  -6.9944721  -1.16968547
INCONS.l2  -1.09412448    1.7830336    1.8279940  -0.390572110   -2.11000246   -0.9116804   0.2596699   0.24197407
KYCONS.l2  -0.82445205    3.5302341    0.8388637  -0.008258378    4.50050130    1.0227708  -7.9081788  -4.14833367
ILRET.l2    0.44362385    0.4645064    0.5887325  -0.025274423   -0.01788182    0.4371008   0.9041941  -0.71011800
OHRET.l2    2.18242287   -0.6730169    2.4523878   2.426159408    0.63110135   -3.5664484   2.1490840   1.05612575
MIRET.l2   -0.43854814    0.1109360   -1.1603286  -1.432045071    2.91201405    2.8047331  -2.5872599   2.08824023
INRET.l2    1.96854515   -0.5170748   -0.9531233  -0.553633210    0.01825466   -0.9870008  -2.2648332  -0.05894938
KYRET.l2    0.30020630    1.3513970   -0.4041910   0.259182184   -4.73468690    2.7435083  10.2988057   4.95821672
ILGOVT.l2   0.07780001    0.7744661   -1.9571231   0.562422695   -1.56277911   -1.7121308   2.0957063   1.37109323
OHGOVT.l2  -0.39399734    1.5831475    1.7700039  -0.564014198    1.13883188   -1.3289544   0.7470559  -3.26016336
MIGOVT.l2   0.05322618   -0.3108739    3.4164178  -3.431357876   -0.83609763   -1.2011395  11.1455935   2.94660106
INGOVT.l2  -0.67593661   -1.6581352    1.2084390   0.485171235   -1.25142955    1.7720351   2.3649753   0.08608422
KYGOVT.l2  -1.72020768   -7.4210362   -3.7654032   1.175377498  -10.46825279    6.4625347 -12.7001081  -0.89718543
ILFIRE.l2  -0.41151813   -6.1975753   -2.9306480   1.794774528    5.49745333   -6.7932923  -3.8642111   0.21415950
OHFIRE.l2  -3.20620249    5.6412915    0.1268974  -2.904703742   -3.31309657   -0.2776391   7.6815330   4.53392768
MIFIRE.l2  -0.76906001    4.3559878    0.8236985   1.824185388    7.21466260    5.5345458   8.7544012  -1.08810987
INFIRE.l2  -0.14712004   -0.8792023    4.9035857   0.419707374   -0.97201433    0.5464893  -4.5550127   1.10440715
KYFIRE.l2   8.97119019    0.6212966  -13.5699761  -3.705148078    1.21560922   -6.1806500  -0.7932400  -6.02651288
constant  192.14407763 -595.2473835 -200.3119900 770.438167887 3966.63465592 -844.0769382 -32.1699847 178.15154467
            ILGOVT.l2     OHGOVT.l2   MIGOVT.l2     INGOVT.l2     KYGOVT.l2    ILFIRE.l2    OHFIRE.l2    MIFIRE.l2
ILMFG.l2     1.000000  1.000000e+00  1.00000000  1.000000e+00  1.000000e+00    1.0000000    1.0000000   1.00000000
OHMFG.l2   -26.889006  1.131327e+01 -0.00178734  2.042029e+00 -3.502182e+00   -0.3828213  -18.4826804  -0.53345379
MIMFG.l2    37.759389  6.670235e+00  0.54122735  8.740943e-01  3.592334e+00    0.7101261    4.0236806   1.55492647
INMFG.l2    29.078311  2.045832e+00  0.73325364 -8.429835e-02 -2.725890e-01    0.5828243    0.1928718   0.68358191
KYMFG.l2    47.013251 -4.671298e+00  0.20528926  1.052526e+00  8.057464e-01   -0.3354039   18.3184198  -4.50635175
ILCONS.l2  -31.124628 -5.845144e-01 -1.37864690 -9.874760e-01 -8.300321e-01   -1.4713300    7.8837620  -1.40554109
OHCONS.l2  146.042915 -1.175271e+00  1.00366732 -3.474618e+00  3.367625e+00   -2.4158443  -16.4164476  -1.24500279
MICONS.l2  100.291600 -7.543965e+00 -1.34018465  1.943428e+00  1.159873e+00    0.7921965    8.6732382  -0.05070502
INCONS.l2  -11.952673 -1.518986e+00  0.19206467  7.818072e-01 -5.650236e-01   -0.2548792   -6.2503911   0.38398479
KYCONS.l2  -90.251939 -6.091709e+00  0.08158013 -8.748925e-01  1.942489e+00   -0.1561491    2.4726991   6.12786149
ILRET.l2    22.987012  1.667109e+00  0.39757771  9.003318e-01  3.325534e-03    0.5921555   -4.3878652  -0.01993742
OHRET.l2    53.982604 -6.575730e+00 -0.97049452 -3.805091e+00 -1.460879e+00    4.2425573   22.4577989  -0.01093993
MIRET.l2  -135.899460 -1.931452e-02  0.82455313 -2.895124e+00 -2.648713e+00   -0.1853410   -1.6376156  -0.41321377
INRET.l2   -10.428518 -2.087566e+00 -0.31655231 -1.107738e-01  2.346796e+00   -0.8954677   -7.8530953   0.01266569
KYRET.l2   -91.801053  1.517024e+01 -0.52041022  7.191023e+00  6.046502e+00   -5.4141728    3.8862518   3.52860901
ILGOVT.l2    6.989491  8.822595e-01  0.49197523 -4.009760e+00 -2.242354e+00    1.8866013  -13.8166693   1.03788311
OHGOVT.l2 -205.768863 -1.715967e+01  1.32078150  1.775773e+00 -2.582145e+00   -0.8974028   33.7828236   1.97424046
MIGOVT.l2  101.619871 -1.324600e+01  0.91578868  3.327928e+00 -7.728128e+00   -4.1151242    1.9910944   5.93380497
INGOVT.l2    9.632775 -2.277811e+00  0.15508128 -1.345984e+00 -2.327611e-01   -0.7065129    1.5401649  -0.21896865
KYGOVT.l2  183.929302  2.862059e+01 -2.82626769  9.939194e+00 -7.839568e+00    5.8591253  -53.3241807  -3.37380870
ILFIRE.l2    7.430526 -2.538827e+00  0.41562572  6.448088e+00  4.982063e+00   -4.4133078    5.1951974  -2.23944532
OHFIRE.l2  116.004814 -4.096414e+00 -3.15887949 -3.160407e+00  3.054761e+00    7.9079388    6.1295243  -0.43921703
MIFIRE.l2 -330.410174  1.362516e+01 -4.18245034 -5.425889e-01  7.665189e+00   -2.0716141  -11.3573711 -10.36072484
INFIRE.l2  -64.256776  1.176513e+01 -0.62188363  1.718152e+00 -1.903594e+00    1.1833413   -2.5320738  -3.11932720
KYFIRE.l2  121.303845  8.956713e+00  4.03984668 -6.187309e+00 -4.443736e+00   -1.0281621   16.7729224  -3.19443609
constant  6761.909385 -3.721092e+03 59.91888318 -3.216705e+03 -1.070815e+03 1369.9982245 3069.3535166 280.14262798
              INFIRE.l2    KYFIRE.l2     constant
ILMFG.l2      1.0000000    1.0000000   1.00000000
OHMFG.l2     -1.5589031    8.3416340  -0.44942899
MIMFG.l2      4.0009925    3.4683599  -1.00799700
INMFG.l2     -0.5861844    3.1527335  -0.25843516
KYMFG.l2     -2.4622433  -52.2399905   3.61171977
ILCONS.l2    -1.1030743    2.5938246  -1.53649947
OHCONS.l2     1.4459080    7.0157314  -1.13301410
MICONS.l2    -3.0653705   10.0134401   4.45239016
INCONS.l2     0.9576987   -1.1302441  -0.05287563
KYCONS.l2    -2.5518020   21.7539943   8.43682433
ILRET.l2     -0.3199321   -7.3318496   1.37646337
OHRET.l2      0.4144848  -10.8630813  -0.01735597
MIRET.l2     -2.2277784   -3.0373819   0.20548621
INRET.l2      2.9421413   -0.2557270  -2.00080541
KYRET.l2      1.5371028    8.8456976  -6.43740367
ILGOVT.l2     3.4540067    5.2766951  -2.23781158
OHGOVT.l2    -0.5545565   -1.6553893   2.61993130
MIGOVT.l2    -2.1931589    3.8757648  -4.13961009
INGOVT.l2    -0.6047953   -1.6420652   0.86817696
KYGOVT.l2     6.8951922  -16.7589298  -2.34761677
ILFIRE.l2    -6.1929519   12.4427989   0.59725912
OHFIRE.l2    -9.0375197  -26.6672674   2.72266419
MIFIRE.l2    12.5306994   -0.9634144  -2.24782866
INFIRE.l2    -4.5955867   -2.8073142  -2.45936977
KYFIRE.l2    13.4894286   48.8329444 -10.29365378
constant  -1613.6959958 -328.4775561 635.44856519

Weights W:
(This is the loading matrix)

              ILMFG.l2      OHMFG.l2      MIMFG.l2      INMFG.l2      KYMFG.l2     ILCONS.l2     OHCONS.l2
ILMFG.d  -0.0113096918  0.0060593544 -0.0169216216  0.0386393959  1.565066e-03 -1.225336e-03  0.0072322515
OHMFG.d  -0.0029082842 -0.0245375092 -0.0014230081  0.0483666763  1.044940e-03  2.710538e-03 -0.0034525003
MIMFG.d   0.0068786236  0.0197735802 -0.0207193801  0.0843602939  8.196297e-04  1.238270e-03  0.0157708532
INMFG.d   0.0038395470  0.1035383094  0.0055244780  0.0688581411 -5.084432e-03 -4.259642e-03 -0.0211352914
KYMFG.d  -0.0019204661 -0.0059824032  0.0031558960  0.0165641580  5.868369e-04 -7.942764e-04  0.0046078907
ILCONS.d -0.0044328655  0.0437243705 -0.0296981854  0.0969691650  2.767937e-03 -2.615229e-03  0.0196551163
OHCONS.d -0.0037536510 -0.0022237673  0.0053736571  0.0417680751 -2.260982e-04  3.005853e-03  0.0009290546
MICONS.d  0.0113140724  0.0388044723 -0.0245156633  0.0762855992 -6.500261e-04  1.347071e-04  0.0096716451
INCONS.d -0.0004521070 -0.0097493290 -0.0141049761  0.0194632675 -3.163920e-03  5.430758e-03 -0.0124343845
KYCONS.d -0.0020139801 -0.0060183564  0.0015751073  0.0142651014 -3.770745e-04 -1.228296e-03  0.0010396576
ILRET.d   0.0413860667  0.0553002380 -0.0257281025  0.1978945276  8.441393e-03 -1.000670e-03  0.0473103441
OHRET.d   0.0017825027  0.0225184337 -0.0072015809  0.0611444016 -3.974465e-04  2.379971e-03  0.0075733051
MIRET.d   0.0086191253  0.0475965810 -0.0216455188  0.0898645841 -7.672431e-04  7.254776e-04  0.0274249309
INRET.d   0.0048702889  0.0204808117 -0.0039221408 -0.0084868506  2.917451e-04 -5.493839e-03 -0.0150912879
KYRET.d  -0.0006811318 -0.0001445739  0.0002316849  0.0004067741 -8.742756e-05 -4.698135e-04  0.0045544628
ILGOVT.d  0.0114725249  0.0254758793 -0.0169911929  0.0718348728 -1.847079e-03 -1.685810e-04  0.0258317110
OHGOVT.d -0.0011693269 -0.0101077794  0.0043700457  0.0178783922  4.330247e-04  6.098066e-04  0.0011773944
MIGOVT.d  0.0022335842  0.0193302668 -0.0091317846  0.0428490173  5.083247e-04 -1.267087e-04  0.0083735115
INGOVT.d  0.0109727294 -0.0310945819 -0.0075926399  0.0538966050 -5.169272e-03 -8.504246e-03  0.0030592155
KYGOVT.d -0.0006370750  0.0004494221  0.0006707242  0.0040276995  2.602399e-05 -5.485963e-05  0.0010499070
ILFIRE.d  0.0015424507  0.0150934574 -0.0046823303  0.0453578615 -9.079513e-04  1.003135e-03  0.0093386331
OHFIRE.d -0.0021892984 -0.0023659648  0.0010096473  0.0103175262  2.636870e-04  4.225400e-04  0.0007416389
MIFIRE.d  0.0018849703  0.0147298725 -0.0039609356  0.0277275294 -1.757535e-06  1.106585e-03  0.0050216464
INFIRE.d  0.0003953520  0.0027990219 -0.0023337133 -0.0106214528 -6.639428e-04  1.056228e-04 -0.0007292722
KYFIRE.d  0.0001493591 -0.0061732433 -0.0019214133  0.0045784624 -2.012965e-04 -1.276740e-04  0.0002064839
            MICONS.l2     INCONS.l2     KYCONS.l2      ILRET.l2      OHRET.l2      MIRET.l2      INRET.l2
ILMFG.d  -0.056903755 -0.0175557506 -0.0044442476 -0.0083975068  0.0052552440 -1.972097e-03 -2.971728e-03
OHMFG.d  -0.035878220 -0.0065199413  0.0060454988 -0.0051065941  0.0126810689 -5.172453e-03 -1.784025e-03
MIMFG.d  -0.067066950 -0.0120937119  0.0048655266  0.0220557708  0.0234035878  5.529136e-03  3.593173e-03
INMFG.d  -0.011088234 -0.0448155304  0.0164682763  0.0340043654  0.0130690423  4.567391e-03 -3.103189e-03
KYMFG.d  -0.006897500 -0.0035882485  0.0043077279  0.0060660061  0.0016866352 -6.071630e-04  1.652133e-03
ILCONS.d -0.096356271 -0.0307147574  0.0044084685  0.0196983397  0.0281977822  1.659513e-02  7.344956e-05
OHCONS.d -0.048652729  0.0049523829  0.0020969021  0.0121415764  0.0107382644 -5.254026e-03  2.153478e-03
MICONS.d -0.091238890 -0.0236703801 -0.0004018661  0.0243322524  0.0202999789 -3.475660e-03  7.711667e-03
INCONS.d -0.007170042 -0.0213530532 -0.0067346936  0.0244870162  0.0169248226  3.770103e-03  1.375363e-03
KYCONS.d -0.013249287 -0.0085067391 -0.0012091464  0.0026492902  0.0030248161  3.586963e-04  1.885259e-03
ILRET.d  -0.223112348 -0.0652311948 -0.0114795922  0.0294768442  0.0452651253  2.536396e-02 -3.777420e-03
OHRET.d  -0.096270807 -0.0094907003  0.0036633978  0.0002019593  0.0201649515  3.314965e-03  2.290594e-03
MIRET.d  -0.103420584 -0.0220212932  0.0025476647  0.0270738555  0.0229861543  5.605209e-04  9.009900e-03
INRET.d  -0.045395649  0.0171242212 -0.0026986378  0.0170234662  0.0131949389  3.706869e-03  2.796650e-03
KYRET.d  -0.018443677 -0.0047119016  0.0045201009  0.0037550952  0.0057787333 -1.836174e-03 -5.836009e-04
ILGOVT.d -0.119900128 -0.0376315560  0.0040817346  0.0120693730  0.0254190513  1.168968e-02  1.781100e-03
OHGOVT.d -0.027341783 -0.0014401880 -0.0003723933  0.0079887398  0.0051401456  7.771903e-04 -1.557266e-03
MIGOVT.d -0.047489824 -0.0071099987 -0.0020569961  0.0186355541  0.0113747615 -8.911537e-05  8.235791e-04
INGOVT.d  0.001961376  0.0328615969 -0.0121732095  0.0036468880  0.0093192075 -8.089919e-03 -7.819476e-03
KYGOVT.d -0.002465798  0.0039365178 -0.0005560582  0.0046166930  0.0026029096 -8.104365e-04  4.447607e-04
ILFIRE.d -0.049011544  0.0012018044 -0.0008896132  0.0081078065  0.0046947817  4.583781e-03  4.954168e-04
OHFIRE.d -0.009261804 -0.0075955374 -0.0013248479  0.0093074486  0.0016829591 -2.409595e-03 -9.940306e-04
MIFIRE.d -0.030257385 -0.0084227398 -0.0007052730  0.0110377173  0.0049609004 -1.233671e-03  4.506966e-04
INFIRE.d -0.006793980 -0.0015228778 -0.0109128933  0.0055769054  0.0048646018  2.771930e-03  1.054393e-03
KYFIRE.d -0.009406382 -0.0005645138  0.0016444546  0.0041587523 -0.0001410773  1.961488e-04  4.408217e-04
              KYRET.l2     ILGOVT.l2     OHGOVT.l2     MIGOVT.l2     INGOVT.l2     KYGOVT.l2     ILFIRE.l2
ILMFG.d   0.0044017717 -1.656539e-04 -1.668803e-03 -2.678697e-02  0.0005909992 -6.816414e-03  0.0005402811
OHMFG.d  -0.0083238191  6.134454e-05 -1.288847e-03 -9.065409e-03 -0.0010613931  4.123146e-03  0.0015208327
MIMFG.d  -0.0083243559 -6.611981e-05 -1.547478e-03 -4.921217e-03  0.0030442374 -1.089967e-02  0.0041536816
INMFG.d  -0.0025994443  3.661642e-05 -6.241121e-03 -3.389900e-02  0.0040372505 -4.476578e-03  0.0009177029
KYMFG.d  -0.0053268462 -1.109427e-04 -6.078462e-04 -4.556859e-03 -0.0012269210  3.378155e-06 -0.0007183508
ILCONS.d  0.0123018302 -2.759636e-04  2.349681e-03 -5.990330e-03  0.0001668870 -2.639816e-03  0.0020101687
OHCONS.d -0.0007797911 -3.446086e-04  2.687016e-04 -1.246404e-02  0.0040236817 -3.657899e-04  0.0033948229
MICONS.d -0.0050890847 -1.507382e-04 -6.039859e-04 -7.325539e-03 -0.0017625362 -8.787322e-03  0.0023970352
INCONS.d -0.0105053555  1.639683e-04  9.123729e-04 -3.217303e-02 -0.0017801127 -4.853283e-03  0.0033021688
KYCONS.d  0.0005979770 -1.524459e-06 -3.530281e-04  1.886335e-03 -0.0003993749 -1.132635e-03  0.0007037487
ILRET.d   0.0223407366 -7.296414e-04  7.656274e-04 -3.758885e-02 -0.0022504797 -1.588830e-02  0.0095513792
OHRET.d  -0.0081859378 -1.567452e-05 -9.369447e-05 -4.982955e-03  0.0022848201 -7.782257e-03  0.0005764044
MIRET.d  -0.0089757027  1.435907e-04 -1.205149e-03 -2.352476e-02  0.0024771331 -8.320865e-03  0.0019726837
INRET.d  -0.0136788817  2.287041e-04 -3.315185e-04 -2.166566e-02  0.0038753335 -2.374052e-03  0.0020009075
KYRET.d  -0.0009414135 -2.091521e-05 -3.544319e-04 -1.366849e-03 -0.0013357249 -2.407806e-03  0.0019013427
ILGOVT.d -0.0041328857 -5.178499e-04 -6.806111e-04 -1.359248e-02 -0.0005626745 -4.265340e-03 -0.0004055762
OHGOVT.d  0.0003369097  2.771293e-05  6.266213e-04 -8.381658e-03 -0.0001355864 -1.668755e-04  0.0003210652
MIGOVT.d -0.0077274321 -1.535704e-04 -7.834733e-04 -2.802148e-03 -0.0007222991 -1.108787e-03  0.0022810775
INGOVT.d -0.0016132103  2.597678e-04  2.151205e-03 -4.824301e-03  0.0040088424 -1.159449e-03  0.0017919926
KYGOVT.d  0.0015614957  1.335375e-06 -6.708910e-04  3.310366e-04 -0.0005809126 -3.621432e-04 -0.0010271506
ILFIRE.d -0.0051043449 -1.292755e-04 -6.175442e-04 -6.328974e-03 -0.0032965230 -5.313426e-03  0.0019453058
OHFIRE.d -0.0034247217 -8.981614e-05  4.831694e-04  4.110558e-04  0.0016170611 -1.334980e-03 -0.0011567647
MIFIRE.d -0.0021946998  5.691426e-05 -9.281678e-04  1.914019e-03 -0.0002727205 -1.524003e-03  0.0013219524
INFIRE.d -0.0029928705 -6.149622e-05 -3.705886e-03 -4.929855e-03  0.0025651712 -7.408244e-04  0.0024571553
KYFIRE.d  0.0003532511  2.353856e-05 -4.727916e-04  7.879565e-05  0.0001911312  3.052982e-05 -0.0001557979
             OHFIRE.l2    MIFIRE.l2     INFIRE.l2     KYFIRE.l2      constant
ILMFG.d  -7.222395e-05 0.0038921837 -0.0020949478 -2.449771e-05 -1.116094e-13
OHMFG.d   2.667563e-04 0.0028384149  0.0009467111 -1.364583e-04 -1.424143e-14
MIMFG.d   5.557652e-05 0.0053955147 -0.0022932240 -1.294123e-04 -6.823933e-14
INMFG.d   1.779998e-04 0.0032725652  0.0003094060  8.100550e-05 -5.098313e-14
KYMFG.d  -1.391550e-04 0.0016049785 -0.0005700170  1.211737e-04  3.112889e-14
ILCONS.d  7.304347e-04 0.0098319977 -0.0012663122  2.322190e-04 -1.026405e-13
OHCONS.d  4.436303e-05 0.0028815783 -0.0002581329 -4.603620e-05  1.833620e-14
MICONS.d  4.892090e-05 0.0064441385 -0.0011370622 -1.127869e-04 -1.300750e-13
INCONS.d  1.508344e-04 0.0011754984 -0.0015747397  2.222455e-04 -2.865157e-13
KYCONS.d  3.611795e-05 0.0002322223 -0.0003870144 -7.557764e-06  4.811888e-15
ILRET.d   2.366448e-03 0.0136734390 -0.0042364339  6.229875e-04  1.955283e-13
OHRET.d  -1.276356e-05 0.0042174405 -0.0007121681  7.033019e-05  6.301941e-15
MIRET.d   4.078704e-04 0.0060587673 -0.0016446217 -3.075322e-05 -8.213473e-14
INRET.d   6.979153e-04 0.0042930639 -0.0019369095  2.282251e-05 -1.374147e-13
KYRET.d   2.305045e-05 0.0004887236 -0.0001169662  3.490313e-05 -2.183051e-14
ILGOVT.d  6.929480e-04 0.0092901041 -0.0037499076  7.677074e-06 -7.469143e-14
OHGOVT.d -1.969410e-04 0.0021139046  0.0003747065 -6.967979e-05  2.766583e-14
MIGOVT.d  2.720309e-05 0.0012910221 -0.0012311228 -4.214785e-05 -1.925453e-14
INGOVT.d -1.744619e-04 0.0032687925 -0.0010201932  1.389380e-04 -3.095966e-15
KYGOVT.d  3.942320e-05 0.0001448781 -0.0002053288 -9.706441e-07 -3.110419e-15
ILFIRE.d  5.253626e-04 0.0034260186 -0.0007012224 -7.202506e-06  2.952041e-14
OHFIRE.d  1.470773e-04 0.0007358992  0.0001507557 -2.877359e-05  8.289615e-15
MIFIRE.d  1.536046e-05 0.0025059886 -0.0012903148 -3.073563e-06  5.098693e-15
INFIRE.d -5.156492e-05 0.0025107171  0.0014819166  7.523297e-05 -5.041744e-14
KYFIRE.d  2.400967e-05 0.0001358298  0.0000125955  1.376623e-05 -2.336715e-14


> sink()
